196170
247540
086520
028300
000250
068760
348370
293490
263750
058470
240810
277810
141080
035900
036930
039030
041510
112040
067160
214150
035760
253450
051960
036830
214370
086900
121600
033270
298380
312720
039200
046890
108490
064290
025980
237690
078600
235980
042000
056190
145020
131970
095610
122870
053800
048410
319660
044480
060250
032500
031980
041190
226950
033500
025320
208270
058820
140860
030520
032190
067310
074600
025900
059090
060370
033100
050890
052400
065350
060280
078340
038540
299330
036810
036540
170920
064760
036620
090150
079370
053030
069080
056080
058610
006730
007390
009520
014620
015750
018290
005290
091990
232140
310210
095340
214450
043260
404990
347850
033310
440110
030200
317330
478440
235010
036710
070300
251270
030610
011160
464220
060150
053690
100130
460250
062970
208200
290650
016790
417200
002770
464180
345180
458320
025000
043910
473480
352390
476610
047310
442230
044180
053190
041140
183300
214680
439090
096530
073490
038460
457940
483310
473060
481180
054620
036490
328130
466690
293480
091120
396120
481850