000250
005290
006730
007390
009520
014620
015750
018290
025320
025900
025980
028300
030520
031980
032190
032500
033100
033500
035760
035900
036540
036620
036830
036930
036810
039030
039200
041190
041510
046890
048410
050890
052400
053030
053800
056080
056190
058470
058610
059090
060250
060280
060370
064760
065350
067160
067310
068760
069080
074600
078340
078600
079370
080220
082270
083650
084370
085660
086450
086520
086900
087010
089030
095340
095610
096530
095660
098460
101490
101730
108860
112040
121600
122870
131290
131970
137400
140860
141080
145020
194480
196170
200130
213420
214150
214370
214430
214450
215000
215200
218410
222080
222800
225570
232140
240810
237690
032820
189300
241710
178320
183300
101360
161580
003380
272290
263750
171090
253450
281740
166090
042000
253590
226950
108490
247540
251970
278280
290650
298380
319660
323280
336570
204270
304100
357780
293490
348210
277810
352480
383310
195940
058970
257720
348370
376300
211050
388720
399720
310210
403870
328130
365340
358570
445680
417200
460930
347850
466100
091990
