005930
000660
373220
207940
005380
000270
068270
105560
005490
035420
051910
032830
000810
028260
012330
055550
003550
000100
015760
033780
009150
017670
018260
010130
034730
035720
096770
034220
010950
000720
006400
086790
003670
066570
011780
323410
009830
030000
004020
000120
011070
138040
001040
005940
071050
024110
078930
002380
006800
012450
023530
267250
004170
011170
001450
000060
051900
005830
316140
007070
010140
004800
000210
000880
000670
003490
001740
028050
005440
010620
097950
001500
047040
047050
003230
010120
036570
009540
008770
002790
180640
006360
014680
003410
034020
000990
001230
004990
016360
005070
000080
128940
001800
005387
000240
001120
114090
003520
004370
000070
005250
003540
002020
006260
103140
005935
011210
001680
000150
002350
138930
032640
003620
001060
009240
036460
014820
005420
000220
005850
002960
001440
000140
020000
000180
004490
011790
002240
005610
000760
002270
003850
012750
005180
010060
021240
006040
004700
003000
008930
017800
001250
004360
011200
005300
004250
039130
012630
002840
003580
000640
004000
003555
025750
011150
000370
000680
011215
001020
020150
000215
002170
002320
003090
001270
011000
002310
001430
002220
035250
010780
005950
002700
003480
001520
000050
005720
003300
015360
001570
005257
001720
000040
001340
000230
003010
001790
000540
000300
001510
000885
003560
001470
062040
082740
064400
007660
307950
002030